Q-table after Training:
[[0.62446544 0.03557141 0.         0.032     ]
 [0.58010075 0.07021732 0.23712    0.        ]
 [0.21518819 0.         0.         0.        ]
 [0.25272958 0.         0.07457382 0.        ]
 [0.032      0.2        0.24102706 0.        ]
 [0.232      0.         0.         0.0576    ]
 [0.52109732 0.2576     0.23796017 0.24043673]
 [0.47933082 0.234816   0.01791335 0.23712   ]
 [0.62279518 0.         0.0329728  0.        ]
 [0.45705216 0.         0.         0.        ]
 [0.25073715 0.02812287 0.         0.08725504]
 [0.2        0.         0.         0.59988075]
 [0.39422541 0.27114206 0.         0.        ]
 [0.23712    0.05907456 0.         0.        ]
 [0.55509859 0.         0.         0.22127192]
 [0.41736862 0.0329728  0.         0.        ]
 [0.41750547 0.28398643 0.         0.2       ]
 [0.2        0.07669293 0.447941   0.        ]
 [0.20161026 0.08847565 0.06272    0.232     ]
 [0.34846687 0.232      0.         0.        ]
 [0.58705878 0.         0.         0.032     ]
 [0.01105101 0.032      0.         0.41550881]
 [0.         0.19295027 0.26465487 0.        ]
 [0.59759866 0.         0.         0.        ]
 [0.         0.43473564 0.         0.2       ]
 [0.22419456 0.         0.2300928  0.        ]
 [0.47709459 0.         0.032      0.0585728 ]
 [0.41016781 0.27308657 0.2420352  0.        ]
 [0.42079104 0.         0.         0.2       ]
 [0.36483529 0.02114978 0.         0.        ]
 [0.59168    0.06269081 0.         0.02637824]
 [0.40255285 0.         0.         0.2       ]
 [0.2576     0.         0.         0.        ]
 [0.49052367 0.         0.2        0.07001907]
 [0.4376192  0.         0.2165888  0.2678048 ]
 [0.         0.28613131 0.         0.        ]]